0.4859657403569523
0.5980233372701532
0.792081069120209
0.733573397741497
0.8593028611616382
0.6176116765883103
0.13541206675012962
0.04531247038410058
0.4336484425189714
0.30289707744063776
0.5461000841111728
0.0844989089530318
0.8788463372164772
0.9823720381274345
0.3068803595489793
0.6188482708569301
0.5878480405792146
0.3216881818961663
0.0987689960775715
0.46388141032427554
0.7568481751467605
0.4806638191493483
0.7513135785131176
0.1610412577177489
0.004372967287871399
0.0933249715699156
0.06168841947260362
0.36334915429406933
0.7114198034487985
0.48379097838442475
0.9804558243539112
0.5313533948483049
0.05087920117342726
0.027886321342204812
0.9823220002755221
0.8985680825453433
0.17935336536536717
0.036180547071861135
0.17947415194090366
0.4907954511705297
0.28811775957106034
0.9687284760120255
0.6930937892952838
0.27767044350308
0.1523558319068291
0.19510337040907666
0.9753977546612668
0.29746135843683863
0.47892881306795665
0.88538564487266
0.17006790796010163
0.8276058071222631
0.7328264474637101
0.9585905764998249
0.21318670797360806
0.3736567070544451
0.22107609796568228
0.3245883108648664
0.20980471311558313
0.4182580413415804
0.030271618607192075
0.9338897702417868
0.6730237503845654
0.5094654230192642
0.9500154411954947
0.39674305989594383
0.4829866727016304
0.37417241435038995
0.7694504961319225
0.14880426786628587
0.9124231202437141
0.3175978829987235
0.3076911562431178
0.32521753102203044
0.7734083748976243
0.2137360219662673
0.2313455173997908
0.6582596601435379
0.6667497999253463
0.9043648906186647
0.1234538786497027
0.8357741962244002
0.4609237857485171
0.8056558309305131
0.3980511664896551
0.848440952910848
0.49174334225484095
0.9716204804210136
0.5031939051193043
0.9134968759509143
0.5569448723875561
0.7825776342764885
0.4226751670576048
0.5908443717714916
0.5816397872103772
0.8145181141084317
0.7727835526455307
0.704553870516749
0.8510852656618039
0.3016900233136405
0.7953454622702893
0.6485874596013054
0.946485433975775
0.9299233025978508
0.2719222217080859
0.590140890829235
0.9775426694942451
0.492156799041955
0.826416965747902
0.9873212035334332
0.38223634145366736
0.20032689812414206
0.24447832815237325
0.7099482720279613
0.45981380254735693
0.17922200949608902
0.31797177315547287
0.8930879765204482
0.9172370913467875
0.868102514598911
0.3214211843058532
0.46249567585671847
0.042335482664382584
0.724830819767079
0.5447066321145477
0.049468948187908035
0.6686728731810915
0.7649520149918676
0.34243737392393325
0.7596781916637295
0.8676460345339582
0.07461039375029732
0.9153012036117149
0.976364995947724
0.2925882838174676
0.5113827102042791
0.5123246344638571
0.06286771984957729
0.3076601020631089
0.3510544041494885
0.9353612031486959
0.48275442090811505
0.4610669082763341
0.6510600368385961
0.13825750070672838
0.477913316691277
0.5076512619711034
0.5827548505966541
0.3430299622610474
0.03577167091187827
0.050165215982907796
0.9348794849936353
0.4440181330080689
0.4363839894811328
0.9515357361560192
0.40952503338561896
0.5383621335717388
0.1984505018996192
0.9721946231906068
0.21960147643418126
0.2072864724383383
0.7403981797023712
0.6070512640703799
0.8532572211180155
0.6775533705792943
0.5384753999500621
0.8359455015595322
0.6958930611219383
0.21608294492813662
0.9983832518168364
0.45942454441642777
0.49435931424493396
0.05311971279735017
0.6602852390864667
0.8684466781736846
0.4106200057968252
0.7904578790312616
0.7291089944187413
0.492121448958423
0.643613409503627
0.6311205894016958
0.26287252781469606
0.781854586953472
0.29823325435425285
0.8655213884115632
0.6613387717047258
0.4232732911026622
0.34930087270631915
0.8665187175162368
0.3756223163395065
0.5190652665698774
0.18609316234402407
0.38190702684999744
0.006442011639249956
0.7563732253827403
0.32943695154037944
0.16777120317472127
0.17453440799725084
0.061643491476712
0.48857568650217087
0.9797635256713682
0.7313120934486685
0.9538363957768707
0.16895928996775011
0.6317453073541779
0.03117262647659813
0.7336624174318371
0.554803998696595
0.24236809275051252
0.10893289613991897
0.7920175886198261
0.3717135919497251
0.9200525518175613
0.696684789816042
0.685047677946494
0.884849250712409
0.9854549049945847
0.0739381824358788
0.20628017939966692
0.10708044590768295
0.39789520085625596
0.7732373439154776
0.4880195738039437
0.6792443988421012
0.33835275774893014
0.16050744490177538
0.18471006214659413
0.7410871462417374
0.9065185627019373
0.875208239495394
0.03022725483365396
0.43665474765119394
0.613025659485401
0.04994177025651181
0.519068387956998
0.49184790491971797
0.7903630647420538
0.1324819381857354
0.13816839452120522
0.5645491293351009
0.20710979132821905
0.005263728622904029
0.4715767790082944
0.7991766843392164
0.050009792177588164
0.9381900497215924
0.614488413102343
0.21771493845359702
0.037040910348879685
0.7201849405682408
0.6661288669593667
0.24821582840827583
0.7420131983882036
0.0932417168957752
0.6227527720730921
0.8294616611649236
0.2473659961648158
0.35978511262232293
0.7625218295427812
0.13692489441080857
0.9967147436986565
0.7499871831902049
0.6032861498951992
0.05035566426052884
0.19233230335190066
0.8202460823656861
0.7223016326825658
0.02727287005290313
0.2751313719772581
0.8073584138670137
0.15367228259914167
0.05933084586955939
0.9358485207257595
0.48498493944664434
0.7248159276151993
0.8699777684741726
0.736012291187624
0.6598306003220624
0.5575081822064196
0.462018293113716
0.7659108498246834
0.004529830675085167
0.04206807937960533
0.542637493425461
0.8341580343797192
0.45254815771144774
0.8950065539262729
0.24113903449152851
0.4695883683729867
0.8774820759673975
0.43096629850553836
0.8910953788011929
0.5210955429129192
0.2449589040926714
0.9190400579933153
0.47380348675807715
0.36466109455462903
0.8599085832700726
0.8515615087283472
0.6138844809921994
0.6692027343070331
0.7353005898845926
0.13022121474948434
0.7805614233088956
0.3340048869079483
0.4805080625764925
0.5698677362949928
0.5795941400060117
0.5903768255052344
0.4482829368966116
0.7346117105955088
0.7210461159881476
0.35881633490100007
0.18889504951618397
0.9538588101514927
0.41700273135826527
0.770339672779165
0.5383093780829481
0.41765491086587314
0.6010565890885221
0.29677197616402873
0.9143452311804742
0.521235031916803
0.4678201619351088
0.1896740637840344
0.6105820223509119
0.11792510628448327
0.4059214511984204
0.901215300912371
0.06234606231208428
0.04755356768040586
0.4418841584901282
0.8526847668863632
0.21243375990754576
0.2342876045288138
0.8249883554225929
0.3274652164346411
0.2262962017754987
0.7933165558047394
0.3646537902169761
0.39517811680999804
0.897231099528766
0.9500630818010363
0.5820826206870235
0.6223400058742068
0.14169773508390648
0.15861019848200064
0.6568441175990187
0.8922536511504069
0.013191571278991732
0.6077901494717148
0.5367788634885418
0.9429902679142894
0.6601846905478083
0.3238891665025846
0.43604568464867643
0.23720176306739316
0.6194594127252597
0.3181797071567595
0.27132932926215414
0.501134744934827
0.7707318371728299
0.6854995328306253
0.3801727690895118
0.7126011454765615
0.18178334982207378
0.23685511924961267
0.12809285468296128
0.47879268271362707
0.9453873985317042
0.14453436327822689
0.7425837723176112
0.6247095971689016
0.9501401830604046
0.1924715702025197
0.9123077849972038
0.4116065770858822
0.33687338016531865
0.557615515149977
0.3587179393668003
0.12224198853056256
0.17064781869373602
0.5998088069422148
0.7250532768882022
0.785848868678191
0.6053973161011464
0.9081955113790098
0.7340917683624941
0.5706293521729582
0.5341117462072165
0.8414305417574844
0.6412419160909625
0.8452067466049595
0.4020193928142771
0.006973197488402083
0.553499113424209
0.10285254596798721
0.5135484751829406
0.5515046271863929
0.19748814731643916
0.8534382124613936
0.7859181527223362
0.7800167136230457
0.20125870557998593
0.21794443144676512
0.4930297613640676
0.4853776562202433
0.904695795876514
0.3089936921608294
0.10289919002492831
0.453188032878161
0.132352656068497
0.5482541864200082
0.8401915299515733
0.9084976150643185
0.25020857507365435
0.8576966226220911
0.10249009313295587
0.1914624119050793
0.18429994226356738
0.1665676873278844
0.3247508565497613
0.6882783982346682
0.9043674026386939
0.8995770102819826
0.3209656069141916
0.0017363717211114071
0.16960838844281922
0.05417752802340625
0.5353752043669777
0.5225001932105976
0.09631811480689279
0.13595130648221476
0.0076467830905213585
0.9577186797417969
0.33864917888807355
0.6009964540349906
0.19724733024171803
0.9878389707274181
0.37391351307443244
0.5528429021796792
0.12181765242897702
0.05549712394790607
0.552797288879347
0.2588081589918688
0.5426699314406975
0.3421193486994345
0.2125533098737573
0.5868365646776281
0.177603552140426
0.2583755874583936
0.25768193812530404
0.7187488124760402
0.13705325953456293
0.26388416271527904
0.18780591566049964
0.46946069414357816
0.9641543515553966
0.539574832819864
0.5963905639507098
0.23411352675477226
0.8126301830797472
0.9628748546333744
0.6766555665951764
0.996191162195753
0.41847691065657777
0.9813907517751068
0.2524701878157468
0.9595810944044394
0.6122417242464692
0.34501613887950344
0.30221887687342397
0.2161706326756223
0.17825988787760405
0.23940395920784152
0.8625698885545791
0.42795110742215414
0.8955373499557048
0.16549887170975497
0.5867742031292501
0.788736717106422
0.5920352690005686
0.9303342709593914
0.08856815905047577
0.5354867674842412
0.009933467348224534
0.35355476930533913
0.5279478528110071
0.0028531406266939507
0.21401989002406607
0.7521342347870689
0.6890288820866226
0.6569577736194913
0.17867393476194726
0.9425167584015083
0.06290074002140067
0.7055374571632439
0.06098091605227551
0.39491482947689993
0.17982960523238511
0.7614763212847614
0.5083365521307651
0.2887588511862369
0.6353593642590467
0.6353790202459808
0.15846910787043011
0.5512976280403378
0.9238059622628585
0.6502205022533132
0.26812887259451335
0.5131090375982544
0.3303345888930207
0.9072411580109672
0.15376327946363877
0.5847870391964941
0.7392560476313421
0.6871386384923526
0.8433175153000763
0.3483290644083421
0.2913723555782325
0.6442410576284675
0.02287023262982435
0.6647560960550932
0.3671482562164434
0.6437282508442986
0.015134358436205475
0.8262548996872922
0.38517974438784597
0.00310135985639004
0.14892335587690408
0.4266400842045103
0.3868765662268041
0.5289835309643698
0.4695036509210121
0.488191670088053
0.32847044881535004
0.08896694660416615
0.29932404709510785
0.46593103853584317
0.4204069339473462
0.5256050545819182
0.6869336080492227
0.052156578972817336
0.7418729636637932
0.5057808849545588
0.27896948247068687
0.22456766177770182
0.7146585472420318
0.4035654331747479
0.6159164475617741
0.7205638535828964
0.8457458008439467
0.5383132563976054
0.28691068996623204
0.0783136717209223
0.4419636884534217
0.03212457506862165
0.7821801855756779
0.5619452516338789
0.7627429938460057
0.2119364696457381
0.2537843380751459
0.6837189736456956
0.30844994616344423
0.8613885436238341
0.736136528816339
0.6503000488740488
0.641973960037434
0.7262409124441535
0.6873623993411632
0.8932568213925121
0.3101885488074029
0.4945055717623491
0.9908682198431632
0.8956680901426237
0.06960125722304267
0.008584786614637796
0.8035631217022052
0.7972312071272196
0.7269525968585373
0.7215930193317025
0.8529995980159326
0.7495197435094019
0.48072014715771805
0.38367167627311505
0.9702672361814662
0.701047918913077
0.6934288101129713
0.6364889890213591
0.7987943214886488
0.21855655609921687
0.5373635993054359
0.6052497009097015
0.741283064953014
0.09644312616049111
0.9377268126615259
0.707422543789919
0.29782379691148686
0.8705162798194342
0.687476610282072
0.7460260491406971
0.007804286941449079
0.9352632524422843
0.5270293411102287
0.922695950946219
0.23655029938046412
0.765575983637502
0.36970339031926314
0.6918906032602653
0.04470416654393794
0.7643899137887953
0.7102274209877415
0.3824730821072386
0.3441681877544325
0.4969471515947894
0.5788314337478586
0.2365423237413592
0.4790099653812584
0.5304034509826614
0.19738414277069827
0.9577672973183076
0.27304741394583865
0.7742563416426922
0.7567358832771842
0.02261227517700304
0.4579011862039837
0.11257930335415967
0.46587077699136725
0.88772297981143
0.23612260464498935
0.2333053566413047
0.2236683764320122
0.8253769851632259
0.543575629630762
0.8928102683092214
0.9330190461231478
0.4362841316436066
0.3535718321278779
0.405804375946767
0.6147337019670748
0.9251557866467583
0.1123268308884312
0.9210490505531861
0.08513318094960565
0.9793440998334221
0.11112862827879522
0.03267215538977841
0.03639819385069243
0.5644862003172405
0.2851765219548007
0.48486449541969845
0.9027057355747485
0.1434697910837165
0.5823711871144238
0.15449682602777326
0.9078737643320592
0.7361706722909224
0.6674063046720277
0.14170536637543174
0.17168054291108736
0.8672945117638328
0.3173320342691587
0.662750974790156
0.7022209895936975
0.7982887907208317
0.4243316959436815
0.5224653069791997
0.5206070455735062
0.5066729626026113
0.049772637719573964
0.24535506639031446
0.05201529106465497
0.6622684828449059
0.47066294665026176
0.46494297402601104
0.2735292424544541
0.35469217458833746
0.6254660966467492
0.9101825543476808
0.9344199164685987
0.550110204348353
0.8007955793294246
0.28579073628546914
0.4584534337544167
0.1976321464948111
0.8038319282289579
0.5201008522522669
0.9005092197899959
0.5668574660895457
0.23737532192716637
0.24954611182958508
0.5612382655135049
0.7779699630791627
0.8352666331558137
0.0231414609608821
0.5636862795086638
0.5844079410337131
0.12548041991912273
0.5433393458099883
0.8647508317350212
0.28552120652464985
0.9665138584907043
0.31139344520920054
0.8120386150561988
0.18275850389431436
0.7497654155123622
0.3158710111069598
0.4631326555218076
0.24781204529328738
0.27641784612318476
0.892213696889916
0.45947548205102196
0.644778125951392
0.5019102330436046
0.5892533540852353
0.2910194637784298
0.44077640155741127
0.4944039183829386
0.8053478581061879
0.3004906776289047
0.25060238732872286
0.07571804088605127
0.10230934983539419
0.7575580330076156
0.6908712759012248
0.7040297710133641
0.46955566162558127
0.7833947015041627
0.36774331313222874
0.21720587054178975
0.3939227495515232
0.8250643709312916
0.6897044441969147
0.08395128782348804
0.39233445008499523
0.7668597495929634
0.08300822867623614
0.8070316643976363
0.6850333600954523
0.6221666083221844
0.1922680449306381
0.08864671427149462
0.9263344304061069
0.07462151249380589
0.3723215860692083
0.30260141244641225
0.3678709203546421
0.9312767093141363
0.21987193660684146
0.7212428670456658
0.5060597749491125
0.8131815611304238
0.05454319661521967
0.8172003698264841
0.16102171758646833
0.1402342628183938
0.1388703509567949
0.8007871200384727
0.04844898430326261
0.6673537926632691
0.02537693306150235
0.3634917696124038
0.23892125620192028
0.49796663467737323
0.7362760270536062
0.3763088661313587
0.4509285114832643
0.6384989350416651
0.5174634926105286
0.03872705996238068
0.8943670849285567
0.764008899645352
0.6633550018823094
0.690014530462077
0.3705331145841093
0.9402909483812358
0.3827508749450259
0.17901144513387257
0.542645310872571
0.5917272889352092
0.8682963244236795
0.3419593354032271
0.7176869898174669
0.016858569030059667
0.6432366057686436
0.7599679920632251
0.1258646754518138
0.23509017591769
0.8890501444718505
0.5585400344848823
0.5482392041362657
0.8981464380051829
0.8061751589449923
0.5711447898258033
0.2260919069841365
0.4188300302385146
0.12742801856129415
0.7171521656672403
0.28734748682118105
0.3573390671135215
0.6898446449906762
0.9415083864196424
0.44588208334187407
0.46184029588458086
0.47555914499355645
0.5293556016119343
0.46880351925604336
0.5851914064359521
0.7559660327405279
0.04336729728506461
0.8647977120062511
0.9936509438395442
0.915796318185247
0.5348921932270977
0.4233942665536229
0.34611025741584156
0.1948692476121443
0.0520696072154152
0.6305104769993648
0.8538262301769344
0.9651654558887077
0.8088990829691425
0.5998925126105479
0.8308295874256574
0.25949943563967626
0.6888181694987193
0.9930789800479192
0.014128685902572213
0.0854521095272468
0.03466171514434113
0.45227052385462185
0.670523922997683
0.5943573567243617
0.9239472078785763
0.34099689484294193
0.6132930258566376
0.4300190719666853
0.3442500973414341
0.07673068126613136
0.8272036151999614
0.5554676656583313
0.8680041902525426
0.04760451157237089
0.44425344419360924
0.5484487984389056
0.5793820496657073
0.0321467153637669
0.3252354018348492
0.7674686196860806
0.12798053382715924
0.1864579788320312
0.48366852764280965
0.9201039428258655
0.8748574056876933
0.027509376286167564
0.03883239521743087
0.4139172617327841
0.15603494359265058
0.4242499278970465
0.30358714230906736
0.43770055203421165
0.7169065515996556
0.4099701215056476
3.5683825479049247E-4
0.00690368511906958
0.3680533834207055
0.6498747657296664
0.4550992048412642
0.21198678108470392
0.8787974835598442
0.6370770034824044
0.9442798544409375
0.6320680042083318
0.059388967558305916
0.14823317852231865
0.16381505880672897
0.318621664196
0.8860447026624585
0.16679569159525365
0.05164143763083573
0.9151140167858179
0.3951260176901734
0.37736878197458235
0.9270173000440188
0.35834708015849637
0.9135641796673685
0.44891050356118567
0.10985486995542948
0.20591324967078706
0.0022115658922193804
0.6575312887395365
0.8523285408640536
0.9515471567051318
0.2671175971688218
0.9513980156013416
0.5526990149067926
0.7262928741720762
0.9407984368898596
0.3307595241189507
0.8277392474447852
0.5382884235382013
0.8513899746773186
0.4053680148069929
0.09534244298729577
0.6776016522749534
0.0821435103185445
0.1995783400678094
0.862838998728337
0.1049347873557348
0.2770445473955522
0.7021647429427335
0.9292429338094643
0.554147437422493
0.17040478231030431
0.30340297465446986
0.19109527881405486
0.7084310036149376
0.5090980728400256
0.12622281516085743
0.6917662449851977
0.15859989159045373
0.09568123688559471
0.34124470587127287
0.9730232331127875
0.9193481446815395
0.20896106938859216
0.8572710683379371
0.6753679822636665
0.06545238210315063
0.15563909432017675
0.29931153320641934
0.6900903437936502
0.5547853575007399
0.17248606404798006
0.925478476638414
0.9911821408815914
0.5286367571422022
0.3330681861959953
0.09209759431090003
0.5691998496693583
0.3222210304589872
0.5163680182454256
0.053135560379570346
0.6518599663207061
0.07938453871255258
0.8667123446807568
0.27555514702884165
0.6275962178508712
0.24540752101124497
0.5152406273366632
0.06646534384630853
0.788503352636619
0.31042859709609827
0.6427173843818162
0.14094275706982795
0.17803712561678786
0.9934031523388526
0.24181201443388345
0.8111572657783639
0.466536016771944
0.5926388381067372
0.18404060157197766
0.747943633350271
0.8840749245521059
0.48383510162141097
0.4123837452139082
0.7552181950359256
0.8153565105557239
0.7201857809126571
0.2651653169787519
0.7056475203143912
0.7052919634453962
0.38148702974883075
0.09009709409212541
0.7127339328145497
0.4366166589793016
0.7303255949925823
0.4294645433968711
0.7599903500322013
0.3223332858913933
0.3633050527052323
0.14824979551843764
0.3721351825519852
0.30596919587802207
0.3939006453551509
0.9365570733476044
0.49624501123099196
0.881580177567798
0.27091612051767244
0.6460276503650222
0.562561644569279
0.6331286400943354
0.12264891342246365
0.9170002245068646
0.7151570878804226
0.149308935950062
0.5217522326380346
0.5189941988104143
0.4419180154231054
0.39508853505117203
